[[  0.   133.93 359.65 ... 161.05 353.08 424.35]
 [133.93   0.   384.04 ... 279.3  272.41 466.96]
 [359.65 384.04   0.   ... 290.29 281.04  94.11]
 ...
 [161.05 279.3  290.29 ...   0.   409.46 323.54]
 [353.08 272.41 281.04 ... 409.46   0.   373.13]
 [424.35 466.96  94.11 ... 323.54 373.13   0.  ]]
[[  0.   702.87 670.73 ... 701.6  625.86 733.37]
 [702.87   0.   209.03 ... 335.55  96.05 127.02]
 [670.73 209.03   0.   ... 127.48 254.15 335.18]
 ...
 [701.6  335.55 127.48 ...   0.   379.67 462.2 ]
 [625.86  96.05 254.15 ... 379.67   0.   122.07]
 [733.37 127.02 335.18 ... 462.2  122.07   0.  ]]
[[  0.   380.86 164.07 ... 324.23 227.27 269.82]
 [380.86   0.   421.34 ... 107.3  339.84 338.43]
 [164.07 421.34   0.   ... 404.9  119.71 158.86]
 ...
 [324.23 107.3  404.9  ...   0.   351.32 363.06]
 [227.27 339.84 119.71 ... 351.32   0.    43.6 ]
 [269.82 338.43 158.86 ... 363.06  43.6    0.  ]]
[[  0.   105.   488.92 ... 299.39 307.23 415.27]
 [105.     0.   396.02 ... 275.22 319.82 311.21]
 [488.92 396.02   0.   ... 332.81 441.03 159.84]
 ...
 [299.39 275.22 332.81 ...   0.   108.52 371.2 ]
 [307.23 319.82 441.03 ... 108.52   0.   474.37]
 [415.27 311.21 159.84 ... 371.2  474.37   0.  ]]
[[  0.   436.55 456.42 ... 358.22  85.91 414.67]
 [436.55   0.   163.78 ... 267.79 387.34 116.69]
 [456.42 163.78   0.   ... 408.77 383.81 275.43]
 ...
 [358.22 267.79 408.77 ...   0.   365.55 159.4 ]
 [ 85.91 387.34 383.81 ... 365.55   0.   387.41]
 [414.67 116.69 275.43 ... 159.4  387.41   0.  ]]
